01060
01089
01095
01201
01247
01301
01460
01501
01523
01571
01581
01606
01702
01757
01801
01832
01876
01905
01923
02062
02122
02132
02134
02184
02301
02339
02364
02420
02472
02481
02532
02601
02653
02747
02760
02767
02777
02842
02852
02888
02891
02914
02917
03042
03060
03079
03103
03246
03304
03446
03581
03743
03801
03820
03867
04072
04086
04103
04210
04330
04412
04730
04841
04901
05001
05158
05201
05403
05478
05602
05701
06010
06040
06082
06092
06120
06320
06360
06415
06457
06460
06492
06498
06515
06759
06790
06795
06807
06810
06880
06902
07001
07006
07075
07081
07205
07304
07410
07424
07444
07446
07601
07632
07724
07728
07852
07860
07960
08012
08016
08054
08078
08330
08360
08648
08701
08753
08809
08810
08812
08822
08902
10019
10305
10468
10469
10543
10549
10567
10710
10801
10913
10952
10958
11210
11220
11361
11377
11435
11548
11550
11581
11590
11746
11769
11783
11787
11795
11901
11953
12095
12110
12118
12304
12401
12534
12550
12590
12801
12866
12901
13021
13039
13057
13421
13495
13601
13676
13760
13820
13904
14020
14072
14094
14127
14221
14226
14424
14445
14623
14626
14750
14850
14903
15108
15146
15226
15236
15237
15317
15401
15601
15642
15701
15801
15904
16002
16046
16105
16148
16323
16335
16509
16648
16701
16803
17042
17044
17050
17111
17112
17201
17331
17402
17520
17557
17756
17870
18031
18045
18103
18202
18301
18508
18702
18840
18901
19003
19038
19047
19053
19064
19111
19335
19342
19372
19428
19440
19468
19526
19608
19711
19720
19901
19963
20110
20151
20175
20187
20601
20653
20678
20716
20723
20746
20817
20855
20879
20904
21014
21029
21030
21040
21061
21117
21157
21224
21228
21236
21401
21601
21704
21740
21801
21851
22030
22042
22150
22182
22191
22207
22305
22408
22554
22601
22701
22801
22911
23061
23111
23112
23188
23294
23320
23321
23454
23462
23608
23666
23831
23901
24012
24073
24168
24401
24502
24541
24740
25177
25387
25401
25504
25508
25801
26059
26101
26201
26506
26554
27030
27127
27203
27215
27262
27332
27408
27523
27534
27537
27616
27617
27707
27804
27834
27870
27889
27896
27909
28027
28056
28078
28105
28147
28273
28314
28328
28345
28359
28387
28405
28504
28546
28560
28602
28607
28625
28659
28792
28806
29063
29078
29118
29150
29169
29203
29301
29406
29414
29501
29579
29607
29621
29640
29646
29651
29730
29841
29906
29910
30038
30041
30047
30060
30076
30096
30114
30122
30144
30161
30241
30253
30260
30265
30291
30328
30341
30458
30507
30519
30606
30721
30907
31021
31061
31088
31210
31405
31419
31503
31525
31601
31707
31757
31793
31904
32055
32086
32114
32205
32225
32244
32256
32304
32401
32448
32505
32547
32609
32720
32771
32792
32811
32837
32926
32935
32962
33015
33021
33033
33040
33073
33156
33169
33172
33186
33311
33331
33403
33406
33411
33441
33483
33544
33612
33614
33619
33765
33781
33810
33844
33870
33907
33950
34110
34207
34208
34231
34285
34448
34471
34691
34711
34788
34982
34997
35046
35150
35215
35218
35244
35405
35501
35603
35674
35769
35816
35906
35950
36117
36207
36301
36330
36526
36606
36695
36830
37040
37066
37067
37115
37129
37211
37334
37353
37355
37421
37601
37620
37660
37701
37716
37814
37922
38016
38024
38116
38125
38242
38305
38401
38501
38632
38655
38701
38866
38901
39042
39120
39180
39211
39301
39350
39402
39440
39503
39563
39601
39705
40222
40258
40356
40475
40505
40601
40701
41035
41042
41101
41501
41653
42001
42071
42104
42240
42301
42431
42503
42701
43015
43017
43056
43130
43160
43228
43230
43232
43302
43402
43537
43615
43701
43952
44001
44047
44060
44070
44118
44142
44146
44212
44240
44305
44320
44484
44512
44663
44691
44720
44870
44906
45014
45249
45251
45255
45342
45377
45434
45504
45601
45662
45701
45750
45807
45840
46060
46075
46123
46219
46227
46240
46304
46375
46410
46514
46545
46582
46614
46804
46808
46902
47129
47250
47280
47304
47374
47401
47546
47715
47802
47905
48033
48042
48084
48093
48103
48124
48131
48188
48307
48328
48335
48439
48603
48706
48911
49009
49022
49037
49423
49444
49512
49525
49601
49686
49721
49801
49829
49855
50010
50111
50401
50501
50613
51106
51360
51401
52003
52233
52246
52501
52655
52732
52761
52807
53045
53081
53095
53142
53177
53209
53221
53224
53227
53545
53566
53718
53719
54304
54401
54467
54501
54601
54729
54806
54880
54904
54914
55077
55109
55306
55426
55429
55437
55448
55792
55811
55904
55987
56001
56201
56387
56401
56537
56601
57106
57201
57401
57501
57701
58103
58201
58301
58401
58503
58601
58702
59102
59405
59601
59701
59718
59804
59901
60014
60020
60048
60062
60068
60074
60085
60107
60115
60126
60148
60174
60194
60409
60443
60446
60453
60487
60525
60540
60559
60636
60641
60642
60659
60712
60914
61021
61111
61265
61350
61401
61455
61554
61614
61704
61802
61833
61938
62002
62269
62301
62401
62526
62711
62864
62959
63011
63042
63048
63090
63122
63128
63139
63141
63376
63501
63701
63901
64086
64114
64153
64506
64804
65101
65202
65301
65584
65775
65809
66046
66061
66109
66203
66502
66614
66701
66801
67207
67301
67401
67502
67601
67801
67846
68022
68128
68147
68516
68601
68803
69001
69103
69361
70002
70058
70062
70128
70360
70380
70403
70433
70461
70503
70546
70560
70570
70607
70815
70816
70817
71105
71111
71201
71220
71270
71303
71446
71601
71655
71730
71913
72032
72117
72143
72204
72396
72404
72601
72704
72758
72802
72908
73072
73110
73131
73162
73401
73505
73521
73703
74006
74074
74133
74145
74401
75020
75024
75062
75067
75070
75078
75080
75087
75110
75228
75234
75237
75455
75460
75569
75604
75672
75701
75801
75901
76011
76017
76028
76049
76051
76053
76087
76116
76210
76310
76502
76543
76712
76802
76904
77034
77054
77065
77070
77074
77079
77304
77338
77340
77373
77450
77469
77515
77521
77554
77573
77578
77627
77632
77656
77706
77802
77833
77904
78006
78041
78211
78232
78233
78238
78249
78380
78412
78526
78552
78577
78602
78641
78664
78666
78745
78758
78840
79065
79119
79407
79606
79703
79762
79925
79935
80012
80112
80113
80221
80301
80401
80504
80525
80634
80701
80905
80923
81008
81082
81301
81401
81416
81505
81601
82001
82070
82435
82520
82609
82801
82901
83202
83301
83402
83440
83501
83687
83704
83815
84010
84020
84058
84101
84107
84341
84405
84770
85014
85023
85201
85206
85260
85284
85286
85323
85365
85382
85388
85635
85705
85710
85901
86004
86301
86404
87113
87123
87301
87402
87505
88005
88061
88101
88201
88240
88310
89011
89104
89146
89149
89406
89502
89701
89801
90007
90028
90232
90241
90248
90266
90292
90404
90505
90605
90621
90650
90703
90745
90806
91107
91204
91214
91324
91345
91355
91362
91401
91602
91711
91731
91740
91748
91761
91791
91801
91911
91945
91950
92008
92020
92026
92064
92109
92111
92120
92203
92234
92251
92311
92373
92395
92408
92504
92545
92555
92591
92618
92627
92648
92675
92683
92688
92782
92801
92844
92867
92882
93003
93030
93065
93117
93230
93292
93308
93313
93405
93436
93454
93514
93534
93555
93612
93638
93662
93704
93907
93955
94010
94014
94063
94066
94087
94118
94306
94509
94520
94533
94538
94544
94551
94559
94568
94591
94596
94611
94621
94704
94806
94901
94945
94952
95010
95020
95035
95129
95136
95210
95240
95304
95340
95356
95407
95482
95501
95603
95616
95630
95661
95667
95687
95757
95821
95926
95965
95993
96002
96150
97005
97027
97030
97058
97070
97123
97128
97146
97232
97233
97301
97321
97330
97365
97401
97420
97470
97477
97501
97527
97603
97702
97838
97914
98002
98007
98026
98034
98057
98125
98134
98148
98203
98229
98233
98271
98312
98362
98371
98409
98512
98520
98532
98626
98662
98802
98837
98903
99114
99163
99201
99212
99336
99362
99518
99701
99801
